L: 200
N: 40000
zealot_spin: 1
k_B: 1
num_iterations: 4000000
J_b: 2.500062501562539e-05
J_s: 1.01
h_b: -1
h_s: 40000
number_of_MC_steps: 2
seeds: [1, 2, 3, 4, 5, 6, 7, 8, 9, 10, 11, 12, 13, 14, 15, 16, 17, 18, 19, 20]
temperatures: [0.1, 0.17368421052631577, 0.24736842105263157, 0.32105263157894737, 0.39473684210526316, 0.46842105263157896, 0.5421052631578946, 0.6157894736842104, 0.6894736842105262, 0.763157894736842, 0.8368421052631578, 0.9105263157894736, 0.9842105263157893, 1.0578947368421052, 1.131578947368421, 1.2052631578947368, 1.2789473684210526, 1.3526315789473684, 1.4263157894736842, 1.5]
burn_in_steps: 25
simulation_type: fully_connected
initial_ratio: 0.5
